Epoch: 10, lr: 0.005, With Clamping

Training loss per epoch:
[0.5405783542564937, 0.4917024405939238, 0.4886546520250184, 0.48455298585551126, 0.48131608941725323, 0.4502327984997204, 0.42439243899924417, 0.4070767315370696, 0.39459818324872425, 0.3892536861555917]
Validation loss per epoch:
[0.5508668558938162, 1.4994208948952812, 0.5337874719074794, 0.6108750675405775, 0.7836036137172154, 0.5500142736094339, 0.4934049142258508, 0.39992768934794837, 0.5922529365335192, 0.5150115038667407]
Training IoU per epoch:
[0.5485092858118671, 0.5755637362599373, 0.5778444907494954, 0.5818134863461767, 0.5646419618810926, 0.5913262797253472, 0.619514353786196, 0.6309199971812112, 0.6408167089734759, 0.6445280077201979]
Validation IoU per epoch:
[0.6100566225392478, 0.13589335062674113, 0.6216883029256548, 0.34200879548277174, 0.13778512850403785, 0.5967095902987889, 0.6366724721023015, 0.601646717105593, 0.6154856749943325, 0.5533785837037223]


===================================================================================================================================================
40 min
Epoch: 20, lr: 0.005, No Clamping
Training loss per epoch:
[0.5132148968321937, 0.47513161237750734, 0.4640192212803023, 0.42099139115640094, 0.366148131447179, 0.3417838794844491, 0.31773299553564616, 0.29661476356642585, 0.2913005036967141, 0.26566990092396736, 0.2608918892485755, 0.25473811009100505, 0.23701322616211007, 0.2357923912150519, 0.2327736788562366, 0.22650999426841736, 0.2207481345960072, 0.22243213014943258, 0.21651382579335143, 0.2087999560471092]
Validation loss per epoch:
[0.6407199944768633, 0.7412075655800956, 0.6063736549445561, 0.6057407813412803, 0.3529403520481927, 0.3715048721858433, 0.3003485339028495, 0.325051263826234, 0.27577149399689266, 0.3016754844358989, 0.2769823116915567, 0.23764833062887192, 0.2308423046554838, 0.23525377597127642, 0.33627673046929496, 0.19572886931044714, 0.285565060377121, 0.20941399889332907, 0.2212019356233733, 0.1901526804481234]
Training IoU per epoch:
[0.6252842541251864, 0.631637931721551, 0.6323307852659906, 0.6526196439351354, 0.6851707028491156, 0.6974761881998607, 0.7129295749323709, 0.7241185060569219, 0.7209369191101619, 0.7320114684956415, 0.7373782413346427, 0.7386319130659104, 0.74715616106987, 0.7450921612126487, 0.7503905113254274, 0.7507086800677436, 0.7532876078571592, 0.7533030173608235, 0.7562617123126983, 0.7578650998217719]
Validation IoU per epoch:
[0.5523542148726327, 0.5114303733621325, 0.5182298268590655, 0.25348874117646897, 0.6785015974725995, 0.6295111298561096, 0.7330738868032183, 0.6897847754614693, 0.7274499961308071, 0.7350768617221287, 0.7433445027896336, 0.7430564982550485, 0.7462576236043658, 0.7485795497894288, 0.726666704245976, 0.7540383628436498, 0.728998977797372, 0.7378366691725594, 0.7638720512390137, 0.7723442077636719]

Model name: 38-cloud-unet-no-clamp-ep20-lr0p005
Performance: Test loss: 0.2452, Test IoU: 0.7404, Test Precision: 0.8173, Test Recall: 0.8237, Test Specificity: 0.6585, Test Accuracy: 0.9059

===================================================================================================================================================
40 min
Epoch: 20, lr: 0.01, No Clamping
Training loss per epoch:
[0.5296630540064403, 0.4750643159661974, 0.4703597028340612, 0.46206654395375935, 0.46048618129321506, 0.45676523979221073, 0.45397757568529673, 0.45309401154518125, 0.447682937341077, 0.4559692714895521, 0.44781866180045266, 0.4417953731758254, 0.45479977173464636, 0.4445181537951742, 0.4496266671589443, 0.4486032545566559, 0.4420982175639698, 0.44570148140192034, 0.4470668767179762, 0.44390165699379786]
Validation loss per epoch:
[0.44892766986574445, 0.45283552067620414, 0.4852129186902727, 0.6330471192087446, 0.5247204099382673, 0.46075550998960224, 0.641560857636588, 0.9978387125900814, 0.6229652958256858, 0.5015699020453862, 0.4372772582939693, 1.409302568435669, 1.6821144342422485, 0.6115746361868722, 0.4654050588607788, 0.4397551442895617, 0.7774504218782697, 0.93830577816282, 0.49474228365080697, 0.6619059945855822]
Training IoU per epoch:
[0.5904773145914077, 0.6380520709923335, 0.6434055620006153, 0.647667552105018, 0.6525217516081674, 0.6535172492265702, 0.657314612184252, 0.6608678272792271, 0.6651550399405616, 0.6606913030147552, 0.6644921062248094, 0.6688410369413239, 0.6596879729202816, 0.667571924839701, 0.6669144592114857, 0.663942941384656, 0.6700473868421146, 0.666536223249776, 0.6619207788790975, 0.6698630147746631]
Validation IoU per epoch:
[0.6785933375358582, 0.6649642739977155, 0.6476392388343811, 0.5604677796363831, 0.5891344198158809, 0.613005702836173, 0.5662883315767561, 0.4678156478064401, 0.5398290608610425, 0.5662198977810996, 0.6960440465382167, 0.33775765299797056, 0.2988871910742351, 0.5687773857797895, 0.592710531609399, 0.6515662704195295, 0.4755753908838545, 0.4385290963309152, 0.6238831205027444, 0.5609832048416138]

===================================================================================================================================================
97 min
Epoch: 50, lr: stepLR (Ep1-20: 0.005, Ep21-40: 0.0025, Ep41-50: 0.0.00125), No Clamping
Training loss per epoch:
[0.527507286625249, 0.4534255185297557, 0.41468174904584887, 0.3989211048398699, 0.36864396716867176, 0.35728075855544633, 0.33006907062871116, 0.32052417269774847, 0.29717818083507674, 0.32740422668201585, 0.2975052057632378, 0.264912748336792, 0.2521271626864161, 0.2518638898219381, 0.24858224807041032, 0.23707837627402373, 0.24106462310467447, 0.22486619417156492, 0.21495453715324403, 0.21850251997155803, 0.199263881785529, 0.19493785245077952, 0.19416504736457552, 0.20011173486709594, 0.18751725650259427, 0.18514140519712652, 0.18238929845392704, 0.18656286634504796, 0.18617511923824037, 0.18176017829350063, 0.17933658664780003, 0.1835783062768834, 0.16881779937871866, 0.1786478135202612, 0.17284743695386817, 0.17027943320572375, 0.1730299921972411, 0.16003325645412717, 0.1645545848778316, 0.15981753883617264, 0.15520692893436977, 0.14942529467599733, 0.15527947300246783, 0.15428842795746667, 0.14613057358988693, 0.14862981997430325, 0.1528638540101903, 0.15014776555555207, 0.1478717706565346, 0.1446938204446009]
Validation loss per epoch:
[0.7131372962679182, 0.5209171567644392, 0.5223263544695718, 0.5895762750080653, 0.8294883515153613, 0.4327855314527239, 0.36739118354661127, 0.2865601922784533, 0.3119900895016534, 0.7181592788015093, 0.29668760768004826, 0.2896679882492338, 0.6319134499345507, 0.7195817781346184, 0.3057727200644357, 0.44974087732178825, 0.270136901310512, 0.2825844794511795, 0.3492643300976072, 0.6565668182713645, 0.19191686468464988, 0.5329509786197117, 0.18946304661887034, 0.2773117286818368, 0.31466602172170366, 0.3582915527479989, 0.18838259662900653, 0.2716156359229769, 0.8382015415600368, 1.5292246341705322, 2.3635829414640153, 0.35284673656736104, 0.3525660536118916, 0.32922893123967306, 0.18063685319253375, 0.18140194969517845, 0.3631266943046025, 3.3155465602874754, 0.18103944276060377, 0.22086608409881592, 0.1610103034547397, 0.15215471067598887, 0.28449382271085466, 0.1803741882954325, 0.2073951610497066, 0.29663058178765433, 0.20946502983570098, 0.15832183999674662, 0.14413892860923494, 0.22633152263505119]
Training IoU per epoch:
[0.5312106181468282, 0.6086617284587451, 0.6439245939254761, 0.651069949567318, 0.6753718738045011, 0.6862788662314415, 0.6959695784108979, 0.700450970871108, 0.7089065155812673, 0.6964353216545922, 0.7081817635468074, 0.7236093951123101, 0.7270611733198166, 0.7309389225074223, 0.7318261887345995, 0.7387319147586823, 0.7331734078271048, 0.7369241463286537, 0.7470064090830939, 0.7429372310638428, 0.7528063723019192, 0.7539596370288304, 0.7553177829299654, 0.7524853497743607, 0.7589078443390983, 0.7612211759601321, 0.7622134174619403, 0.760358326775687, 0.7615881583520344, 0.7621358841657638, 0.7642270654439927, 0.7623104742595128, 0.7698654540947505, 0.7656856915780477, 0.7685181843382972, 0.7716317581278938, 0.7696771983589444, 0.7774265451090676, 0.7739946505853108, 0.7772040992975235, 0.7789994192974908, 0.7831423065492085, 0.7783709402595248, 0.782535520195961, 0.7863527459757669, 0.785049489566258, 0.7810678933347974, 0.7848249963351659, 0.785610059755189, 0.786219214967319]
Validation IoU per epoch:
[0.5674039687429155, 0.5307984232902527, 0.6193758981568472, 0.6373760563986642, 0.3641635605267116, 0.6192976789815086, 0.6988707644598825, 0.7161172475133624, 0.7316799623625619, 0.41256270578929355, 0.6968201058251517, 0.6825788191386631, 0.45430220110075814, 0.5841927485806602, 0.706250844682966, 0.5890496534960611, 0.6957825831004552, 0.7419510756220137, 0.6427892361368451, 0.6935576847621373, 0.7579244238989694, 0.6940261585371835, 0.7719236901828221, 0.7490406802722386, 0.7436237403324673, 0.6608822967324938, 0.7687986969947815, 0.7368397338049752, 0.5782056433813912, 0.34217446872166224, 0.3082510607583182, 0.7177804980959211, 0.6496128780501229, 0.6716566256114415, 0.772356903553009, 0.7610032200813294, 0.715380905355726, 0.14874753952026368, 0.7837585142680576, 0.7555982606751578, 0.7870808737618583, 0.7881386859076364, 0.6998380575861249, 0.7609570826802935, 0.7600437266486032, 0.7293313077517918, 0.7578196491513933, 0.7860677106039865, 0.7840864334787642, 0.7524167265210833]

===================================================================================================================================================
Epoch: 20, lr: 0.005, With Clamping
Training loss per epoch:
[0.548166871709483, 0.4955999248794147, 0.49630440856729235, 0.4844966117824827, 0.4881698951125145, 0.48198105522564477, 0.4436276767935072, 0.46427898513419286, 0.41405475522790636, 0.35091158353856633, 0.3545788041182927, 0.3133320511451789, 0.2830139924372945, 0.27834677185331075, 0.2682646681155477, 0.25085421992199763, 0.2498606475336211, 0.23519865231854575, 0.23325671330094339, 0.230839948036841]
Validation loss per epoch:
[0.9029786399432591, 0.5784198028700692, 0.6997186235019139, 0.5111314364842006, 0.550805332830974, 0.5293263869626181, 0.6616805911064148, 1.0818015779767718, 0.47292903235980444, 0.37290009685925074, 0.5984058380126953, 0.30772239991596767, 0.3344102076121739, 0.3455966855798449, 0.2469448332275663, 0.29644078952925546, 0.32506462250437057, 0.24918698838778905, 0.37061840295791626, 0.35655636276517594]
Training IoU per epoch:
[0.5219565270568377, 0.5822916797229222, 0.5820057000432696, 0.5781985606466021, 0.5683040706174715, 0.5662667372397014, 0.6002031024013247, 0.5905342840722629, 0.6293556854128838, 0.667068590436663, 0.6669247542108808, 0.6905717436756407, 0.7049328591142382, 0.7111490232603891, 0.7155543565750122, 0.7250691435166767, 0.7269699675696236, 0.7370164341160229, 0.7367104985884257, 0.7390472105571202]
Validation IoU per epoch:
[0.260462583388601, 0.6102912732533046, 0.15267128263201032, 0.5849321578230177, 0.6218727316175189, 0.4293473643915994, 0.13704707859350101, 0.17464647846562523, 0.6550191010747637, 0.6289676530020577, 0.6233992832047599, 0.7140686886651175, 0.7173272252082825, 0.7238207800047738, 0.7337848595210484, 0.7210799898420062, 0.6455488128321512, 0.721136268547603, 0.5771329998970032, 0.6092414515359061]

Model name: 38-cloud-unet-ep20-lr0p005.pth
weight: [0.9875518679618835, 0.0, 0.0, 0.0]
Performance: Test loss: 0.3091, Test IoU: 0.6770, Test Precision: 0.7909, Test Recall: 0.7572, Test Specificity: 0.6571, Test Accuracy: 0.8668

===================================================================================================================================================
Epoch: 20, lr: 0.005, No physical layer
Training loss per epoch:
[0.4678172298840114, 0.4113745934196881, 0.34691143823521475, 0.31557147268738067, 0.28417437470385004, 0.257051481200116, 0.25169324278831484, 0.23798866995743342, 0.22796630268650395, 0.22246384870793137, 0.20702568462916782, 0.20149857758411338, 0.1969411516296012, 0.19371973861541067, 0.19023815712758474, 0.19389171020260879, 0.1924799525312015, 0.19079674381230557, 0.1821938054902213, 0.1764323978019612]
Validation loss per epoch:
[0.770363609279905, 0.6135189763137272, 0.33517400196620395, 0.4094953221934182, 0.3771083001579557, 0.2945004309926714, 0.5948400625160762, 0.363357846226011, 0.25173541818346296, 0.21167878955602645, 0.21000184757368906, 0.3063112722975867, 0.21553524221692766, 0.22636663828577314, 0.2900368315832956, 0.20530184762818474, 0.1506991141608783, 0.22390662623303279, 0.3771289063351495, 0.24446597950799123]
Training IoU per epoch:
[0.572115252486297, 0.6256194306271416, 0.6736944079399109, 0.6892307830708367, 0.702035888178008, 0.7208249364580427, 0.7219816459076746, 0.7307975394385201, 0.733407867380551, 0.7416302072150367, 0.7503779002598354, 0.7537721859557288, 0.7584958357470376, 0.7580155117171151, 0.7574490185294832, 0.7584768176078797, 0.7608677698033196, 0.7613215663603374, 0.767208667738097, 0.7700462409428188]
Validation IoU per epoch:
[0.2160772138408252, 0.5930700429848262, 0.7200319307191031, 0.5992119210106986, 0.6152934380940028, 0.74616539478302, 0.5038130785737719, 0.740216841016497, 0.7087850758007594, 0.7611882414136614, 0.779127129486629, 0.7454043030738831, 0.7668220639228821, 0.7161166531699045, 0.6897288271359034, 0.7616101486342294, 0.7919155819075449, 0.7199190820966448, 0.6267794004508427, 0.6924522876739502]

Model name: 38-cloud-unet-nophy-ep20-lr0p005.pth
Performance: Test loss: 0.2040, Test IoU: 0.7399, Test Precision: 0.8607, Test Recall: 0.7805, Test Specificity: 0.7031, Test Accuracy: 0.9206