0
1
3
4
5
6
8
10
12
13
16
18
19
20
22
23
26
27
28
29
30
31
33
35
36
39
40
41
42
43
44
45
46
47
48
50
53
55
59
60
61
64
65
66
68
72
75
77
78
80
81
82
83
84
85
86
87
88
89
90
91
94
95
96
97
99
100
101
102
103
104
105
106
107
108
109
112
113
114
119
123
125
126
127
128
130
131
132
133
134
136
137
140
141
143
144
145
146
147
148
151
153
154
156
158
159
160
161
162
165
166
167
168
169
171
172
173
174
175
176
178
181
183
184
187
188
189
190
191
194
195
196
197
200
201
202
209
210
211
214
215
216
217
219
221
222
223
226
230
232
233
234
235
236
237
239
240
246
247
248
249
252
254
255
256
257
258
259
260
262
264
265
266
267
268
269
270
271
272
273
274
275
276
279
280
281
283
284
285
286
287
288
289
290
295
297
298
301
303
304
306
307
308
310
311
312
313
315
316
318
319
320
323
324
325
326
327
329
332
333
334
335
336
338
340
343
344
345
346
347
348
350
352
353
354
358
359
360
361
362
363
364
367
369
370
372
374
376
377
378
379
380
381
382
383
384
385
387
388
389
390
392
394
395
396
397
398
402
403
405
407
408
409
410
411
413
415
416
417
418
420
421
422
423
424
425
426
427
431
432
433
435
436
438
440
441
442
446
447
449
452
453
454
457
458
459
460
462
467
470
471
472
474
475
477
481
482
484
485
486
487
488
489
495
496
497
498
499
500
501
502
504
505
507
510
511
512
513
514
515
519
520
521
523
524
528
530
531
532
533
536
538
539
543
544
545
547
548
549
550
551
553
554
555
557
558
559
560
562
566
568
569
570
571
572
576
577
578
579
581
583
585
586
587
588
589
590
591
593
594
595
596
597
598
600
601
602
603
604
607
609
610
611
612
613
614
615
616
619
620
625
626
627
628
631
632
633
634
636
637
638
639
640
641
642
643
644
645
650
651
652
653
654
655
657
658
659
660
661
662
663
664
665
666
667
668
670
672
674
675
676
677
678
680
681
682
685
686
690
691
692
693
694
696
697
698
702
703
704
705
707
708
709
710
712
714
715
718
719
721
722
723
725
727
728
729
730
732
733
735
741
742
743
744
745
749
750
752
754
757
759
761
764
765
767
768
769
771
772
774
775
776
780
783
784
786
787
788
790
791
792
795
796
798
799
800
805
806
808
809
810
812
815
816
818
819
820
822
823
824
827
829
831
834
835
838
839
840
843
845
847
848
849
850
853
854
856
859
862
863
864
867
869
870
872
873
875
877
879
881
883
884
885
887
888
889
890
891
892
893
896
897
900
901
902
903
904
905
907
908
909
910
911
912
913
914
915
918
920
924
925
927
928
929
930
931
932
933
934
935
940
943
944
945
946
947
948
949
950
951
952
953
957
958
959
961
962
963
964
967
968
969
971
972
974
976
978
979
980
981
982
986
989
990
991
992
993
995
996
997
1000
1002
1003
1004
1005
1006
1007
1009
1010
1011
1012
1014
1015
1019
1022
1023
1024
1025
1026
1027
1031
1032
1033
1035
1036
1038
1039
1040
1041
1042
1043
1045
1046
1047
1049
1051
1052
1053
1054
1055
1056
1057
1058
1059
1061
1062
1063
1065
1067
1068
1069
1070
1071
1072
1074
1075
1076
1077
1078
1080
1082
1087
1089
1090
1091
1092
1093
1096
1097
1098
1099
1101
1102
1103
1104
1106
1107
1109
1110
1111
1113
1115
1117
1118
1119
1121
1122
1123
1124
1125
1126
1129
1130
1131
1133
1134
1135
1136
1137
1138
1139
1144
1145
1147
1148
1149
1150
1151
1152
1153
1154
1155
1160
1163
1164
1166
1167
1168
1171
1172
1173
1174
1175
1176
1177
1178
1181
1182
1183
1184
1185
1186
1189
1190
1191
1192
1193
1194
1195
1196
1197
1198
1199
1202
1205
1206
1208
1210
1211
1213
1214
1216
1217
1218
1219
1220
1222
1223
1224
1225
1227
1228
1229
1231
1232
1237
1238
1239
1240
1241
1243
1245
1246
1247
1248
1250
1252
1258
1261
1263
1265
1266
1269
1270
1271
1272
1273
1275
1277
1278
1280
1281
1282
1283
1284
1285
1286
1287
1288
1289
1292
1295
1296
1298
1299
1300
1301
1302
1303
1304
1306
1311
1312
1313
1315
1316
1317
1318
1319
1320
1323
1325
1326
1327
1328
1329
1330
1333
1337
1338
1339
1340
1341
1344
1346
1348
1351
1354
1356
1358
1359
1360
1361
1364
1366
1367
1368
1371
1372
1374
1375
1376
1378
1381
1382
1383
1386
1387
1388
1389
1390
1391
1393
1394
1396
1397
1399
1401
1402
1404
1405
1409
1411
1412
1413
1414
1415
1417
1418
1420
1423
1424
1426
1427
1428
1429
1430
1432
1434
1435
1436
1437
1438
1439
1440
1441
1442
1443
1444
1446
1447
1448
1449
1450
1451
1452
1453
1454
1455
1456
1458
1459
1460
1464
1466
1471
1473
1474
1476
1478
1479
1480
1485
1486
1487
1489
1490
1491
1492
1493
1494
1495
1498
1500
1502
1504
1505
1506
1507
1509
1510
1511
1512
1513
1515
1517
1518
1519
1520
1521
1524
1525
1527
1529
1531
1533
1535
1536
1538
1540
1542
1543
1545
1546
1547
1548
1549
1550
1551
1555
1556
1558
1560
1561
1562
1564
1565
1566
1568
1569
1570
1571
1572
1573
1575
1576
1578
1579
1580
1581
1582
1583
1584
1586
1587
1588
1590
1593
1595
1596
1598
1599
1600
1601
1604
1605
1606
1607
1608
1609
1610
1613
1614
1615
1616
1617
1618
1620
1621
1622
1623
1625
1629
1631
1634
1636
1637
1638
1639
1643
1645
1646
1648
1650
1652
1653
1656
1657
1658
1659
1660
1661
1662
1663
1668
1669
1670
1671
1672
1674
1675
1677
1678
1679
1681
1682
1683
1685
1686
1687
1688
1689
1690
1691
1692
1693
1695
1696
1700
1701
1702
1703
1705
1706
1707
1708
1709
1710
1711
1712
1716
1717
1718
1719
1720
1721
1723
1724
1725
1727
1728
1729
1730
1732
1734
1735
1737
1738
1739
1740
1742
1744
1745
1746
1747
1748
1750
1751
1752
1753
1754
1755
1757
1758
1759
1760
1762
1765
1766
1767
1768
1770
1771
1772
1776
1778
1779
1780
1781
1782
1783
1786
1787
1788
1789
1790
1791
1793
1794
1795
1796
1797
1799
1800
1801
1804
1805
1808
1811
1813
1814
1816
1818
1819
1821
1823
1824
1825
1826
1827
1828
1829
1830
1831
1832
1834
1835
1836
1838
1840
1841
1842
1846
1847
1848
1850
1851
1852
1853
1856
1857
1858
1859
1862
1863
1865
1867
1868
1870
1871
1872
1873
1874
1875
1879
1880
1883
1884
1886
1887
1888
1889
1890
1891
1892
1895
1897
1898
1899
1901
1906
1907
1909
1910
1911
1915
1916
1917
1919
1920
1921
1922
1923
1925
1926
1928
1929
1930
1931
1935
1936
1938
1940
1941
1942
1944
1945
1946
1947
1948
1949
1950
1951
1952
1953
1954
1956
1957
1958
1959
1960
1961
1963
1964
1965
1966
1967
1968
1970
1972
1973
1974
1975
1978
1979
1980
1982
1983
1984
1987
1989
1990
1993
1996
1997
1998
1999
2000
2001
2004
2005
2008
2009
2010
2011
2012
2013
2014
2015
2016
2017
2020
2021
2022
2023
2024
2026
2027
2028
2030
2031
2033
2034
2035
2036
2038
2042
2043
2044
2046
2047
2048
2049
2050
2051
2052
2053
2055
2057
2061
2063
2064
2067
2070
2071
2072
2073
2074
2076
2078
2079
2081
2082
2084
2085
2087
2089
2090
2091
2092
2094
2096
2097
2101
2102
2103
2104
2106
2107
2108
2109
2110
2111
2116
2117
2118
2119
2120
2121
2122
2123
2125
2127
2128
2132
2135
2136
2137
2139
2140
2141
2142
2144
2145
2146
2147
2148
2149
2151
2154
2155
2156
2157
2158
2159
2160
2162
2163
2166
2168
2169
2170
2171
2172
2174
2175
2176
2177
2178
2179
2180
2182
2183
2184
2185
2186
2191
2192
2193
2195
2198
2199
2200
2203
2205
2208
2209
2210
2211
2212
2218
2220
2221
2223
2224
2225
2226
2227
2228
2229
2230
2231
2232
2234
2235
2236
2240
2241
2242
2243
2244
2245
2247
2248
2249
2251
2252
2254
2255
2256
2257
2258
2259
2261
2262
2263
2264
2265
2271
2272
2274
2276
2277
2280
2281
2283
2286
2287
2288
2289
2290
2292
2297
2299
2300
2301
2302
2304
2305
2307
2308
2309
2311
2312
2313
2314
2316
2317
2318
2322
2323
2325
2327
2329
2330
2331
2333
2334
2335
2336
2337
2341
2342
2343
2344
2346
2347
2348
2350
2351
2353
2355
2356
2357
2360
2361
2362
2364
2365
2366
2367
2368
2370
2372
2373
2374
2376
2377
2378
2380
2381
2384
2385
2386
2387
2389
2390
2392
2393
2394
2395
2396
2397
2398
2399
2402
2403
2404
2405
2406
2407
2408
2409
2410
2411
2412
2413
2414
2415
2417
2419
2420
2423
2424
2425
2427
2428
2429
2430
2433
2434
2436
2437
2439
2440
2442
2443
2445
2446
2448
2449
2450
2451
2452
2453
2455
2456
2458
2459
2460
2461
2462
2464
2465
2466
2467
2468
2469
2473
2474
2476
2477
2478
2480
2481
2485
2487
2488
2492
2493
2494
2497
2498
2499
2501
2503
2504
2506
2507
2508
2509
2512
2513
2514
2516
2517
2521
2522
2523
2524
2525
2529
2530
2531
2532
2533
2534
2535
2536
2539
2540
2542
2544
2546
2547
2549
2550
2551
2552
2555
2556
2557
2560
2561
2562
2566
2567
2568
2569
2570
2571
2572
2574
2579
2580
2581
2582
2584
2585
2586
2587
2588
2591
2592
2593
2594
2595
2596
2600
2602
2603
2604
2606
2609
2611
2612
2618
2624
2625
2626
2627
2628
2629
2630
2632
2633
2634
2635
2636
2637
2638
2639
2640
2643
2644
2646
2648
2649
2650
2651
2652
2654
2656
2657
2658
2660
2661
2662
2663
2664
2665
2666
2667
2669
2671
2673
2675
2678
2679
2680
2682
2684
2685
2686
2687
2689
2691
2692
2694
2695
2696
2697
2698
2700
2701
2702
2703
2704
2705
2706
2708
2709
2710
2712
2713
2714
2715
2718
2719
2721
2722
2724
2726
2727
2728
2729
2733
2736
2739
2740
2741
2742
2743
2744
2745
2746
2747
2749
2751
2752
2753
2754
2755
2757
2758
2760
2761
2762
2763
2764
2765
2767
2768
2769
2770
2772
2774
2776
2777
2778
2780
2783
2784
2788
2789
2790
2791
2794
2795
2797
2798
2799
2802
2804
2805
2806
2807
2808
2809
2811
2812
2814
2815
2816
2818
2819
2820
2821
2822
2823
2824
2826
2827
2828
2830
2834
2835
2836
2838
2840
2841
2842
2843
2846
2848
2849
2854
2855
2856
2857
2858
2860
2861
2862
2864
2865
2868
2870
2871
2872
2873
2875
2878
2879
2880
2881
2882
2883
2884
2885
2886
2887
2888
2889
2890
2891
2893
2895
2897
2898
2899
2900
2901
2902
2903
2906
2907
2909
2910
2911
2912
2913
2915
2916
2917
2918
2919
2920
2921
2924
2925
2926
2927
2931
2932
2933
2935
2938
2939
2940
2941
2942
2944
2946
2947
2951
2953
2954
2955
2956
2957
2958
2959
2968
2969
2970
2972
2974
2975
2976
2978
2980
2981
2982
2984
2985
2987
2988
2989
2990
2991
2992
2993
2994
2995
2997
2999
3000
3001
3002
3004
3006
3008
3009
3011
3012
3013
3015
3016
3017
3019
3021
3022
3023
3024
3025
3026
3027
3028
3029
3031
3033
3034
3036
3037
3039
3040
3042
3043
3044
3045
3046
3047
3048
3054
3058
3059
3061
3062
3064
3066
3067
3068
3071
3072
3073
3075
3076
3078
3080
3081
3082
3083
3084
3085
3086
3087
3088
3089
3091
3093
3094
3095
3096
3097
3100
3101
3105
3107
3111
3113
3114
3115
3116
3118
3119
3120
3122
3123
3124
3126
3128
3130
3132
3133
3134
3135
3137
3139
3140
3144
3145
3147
3148
3150
3151
3153
3154
3155
3157
3160
3161
3162
3163
3164
3165
3166
3167
3168
3170
3171
3172
3173
3174
3176
3177
3178
3180
3183
3184
3185
3186
3187
3188
3190
3193
3194
3195
3196
3200
3201
3203
3204
3207
3208
3210
3211
3213
3214
3216
3218
3219
3220
3221
3222
3223
3224
3225
3227
3228
3230
3232
3233
3234
3235
3236
3237
3242
3243
3245
3246
3247
3249
3251
3252
3253
3254
3258
3259
3260
3261
3263
3264
3266
3268
3269
3270
3271
3273
3274
3275
3276
3279
3281
3282
3283
3285
3289
3291
3292
3294
3295
3296
3297
3299
3300
3301
3302
3304
3305
3306
3308
3309
3311
3312
3313
3314
3316
3319
3320
3322
3323
3324
3325
3328
3330
3331
3333
3334
3335
3336
3337
3339
3340
3341
3342
3344
3345
3348
3349
3350
3352
3355
3357
3358
3359
3360
3361
3365
3368
3369
3370
3371
3372
3375
3377
3379
3381
3382
3383
3384
3385
3387
3389
3390
3394
3395
3396
3397
3398
3400
3401
3402
3403
3404
3406
3407
3408
3411
3412
3413
3414
3415
3416
3418
3419
3420
3421
3422
3424
3426
3429
3432
3437
3438
3439
3440
3441
3443
3444
3445
3446
3447
3448
3449
3450
3451
3452
3454
3455
3457
3458
3459
3460
3461
3462
3464
3466
3467
3468
3469
3470
3471
3472
3473
3474
3475
3477
3478
3479
3481
3483
3484
3486
3487
3488
3489
3490
3493
3494
3495
3497
3499
3501
3502
3503
3504
3505
3509
3512
3513
3514
3515
3516
3518
3519
3520
3522
3523
3524
3525
3526
3531
3533
3535
3536
3537
3540
3541
3542
3543
3545
3547
3548
3549
3550
3553
3555
3556
3560
3561
3563
3564
3566
3567
3568
3572
3573
3574
3575
3576
3578
3579
3580
3581
3584
3586
3587
3588
3589
3590
3591
3592
3593
3594
3595
3596
3599
3600
3602
3603
3604
3605
3607
3609
3612
3613
3615
3616
3619
3621
3622
3626
3627
3628
3629
3630
3632
3633
3636
3638
3639
3640
3641
3642
3643
3644
3645
3646
3647
3649
3650
3651
3652
3653
3654
3656
3657
3660
3661
3663
3665
3666
3668
3669
3670
3671
3672
3673
3674
3675
3676
3678
3679
3680
3681
3682
3684
3685
3686
3688
3689
3690
3691
3693
3694
3695
3697
3698
3699
3700
3701
3702
3703
3704
3705
3708
3709
3710
3711
3712
3713
3714
3715
3716
3717
3718
3720
3721
3722
3723
3724
3726
3727
3728
3729
3731
3732
3733
3734
3735
3736
3737
3738
3739
3740
3743
3744
3745
3746
3747
3750
3751
3752
3755
3756
3757
3758
3759
3760
3761
3762
3764
3768
3769
3772
3773
3774
3775
3776
3777
3778
3781
3784
3785
3786
3787
3791
3794
3795
3796
3799
3800
3802
3803
3810
3812
3813
3814
3815
3817
3818
3820
3821
3822
3823
3824
3825
3826
3828
3829
3830
3833
3834
3835
3836
3838
3839
3840
3842
3843
3844
3845
3847
3848
3850
3852
3853
3854
3855
3856
3857
3858
3859
3861
3862
3863
3864
3865
3866
3867
3868
3869
3870
3871
3872
3873
3874
3875
3877
3878
3879
3880
3882
3886
3887
3888
3889
3890
3891
3894
3895
3897
3898
3900
3901
3902
3903
3904
3907
3912
3913
3916
3917
3919
3922
3924
3925
3926
3927
3928
3930
3931
3932
3933
3934
3937
3939
3940
3944
3945
3946
3947
3948
3949
3951
3953
3954
3955
3957
3958
3959
3960
3962
3963
3964
3965
3966
3970
3971
3972
3973
3976
3978
3979
3981
3982
3983
3984
3985
3986
3988
3991
3993
3998
4000
4001
4002
4003
4004
4005
4006
4008
4011
4014
4016
4017
4018
4019
4021
4023
4024
4025
4027
4028
4030
4031
4032
4035
4037
4038
4039
4041
4042
4043
4045
4047
4048
4050
4051
4052
4053
4054
4056
4058
4059
4060
4061
4062
4063
4065
4067
4069
4070
4071
4072
4075
4076
4077
4078
4080
4081
4086
4087
4088
4090
4093
4094
4095
4096
4098
4099
4100
4101
4103
4104
4105
4106
4109
4110
4111
4114
4116
4117
4118
4119
4122
4127
4130
4134
4135
4136
4137
4138
4139
4141
4142
4143
4144
4145
4147
4148
4149
4151
4152
4154
4155
4156
4159
4161
4162
4163
4164
4168
4169
4170
4171
4172
4176
4177
4179
4185
4186
4188
4191
4192
4193
4194
4195
4197
4199
4200
4205
4207
4208
4209
4210
4211
4213
4214
4216
4220
4221
4222
4224
4225
4227
4228
4229
4230
4231
4232
4235
4236
4238
4239
4240
4241
4243
4244
4245
4246
4248
4249
4250
4251
4253
4254
4255
4257
4258
4260
4261
4262
4263
4264
4265
4266
4267
4268
4269
4271
4272
4273
4274
4275
4276
4280
4283
4287
4291
4292
4293
4296
4297
4299
4300
4302
4305
4307
4308
4309
4310
4311
4314
4315
4319
4321
4323
4325
4326
4329
4330
4331
4333
4334
4335
4337
4338
4339
4340
4342
4343
4344
4345
4346
4347
4348
4349
4350
4351
4352
4354
4355
4357
4358
4360
4361
4362
4364
4365
4368
4371
4372
4377
4378
4379
4380
4381
4384
4385
4386
4387
4388
4390
4391
4392
4393
4394
4395
4396
4397
4399
4400
4401
4402
4404
4405
4406
4407
4409
4411
4414
4415
4416
4417
4418
4419
4420
4422
4423
4425
4427
4428
4429
4431
4432
4434
4435
4436
4437
4438
4440
4441
4442
4445
4446
4447
4448
4449
4451
4453
4454
4455
4456
4457
4458
4459
4460
4461
4462
4467
4469
4471
4472
4473
4475
4477
4479
4480
4485
4486
4487
4491
4493
4494
4497
4498
4499
4500
4501
4502
4503
4504
4505
4506
4507
4508
4509
4510
4511
4512
4514
4516
4517
4519
4521
4522
4523
4524
4525
4526
4528
4529
4530
4532
4533
4534
4536
4537
4538
4539
4540
4541
4542
4543
4544
4545
4548
4549
4552
4553
4554
4555
4556
4557
4558
4559
4560
4561
4563
4566
4567
4568
4570
4571
4573
4574
4575
4577
4578
4579
4584
4586
4588
4590
4591
4592
4593
4594
4596
4598
4599
4601
4606
4607
4608
4609
4610
4611
4612
4614
4615
4616
4618
4619
4620
4621
4622
4623
4625
4626
4627
4628
4629
4630
4631
4632
4633
4635
4636
4637
4638
4640
4642
4645
4646
4647
4650
4651
4653
4654
4655
4656
4657
4659
4660
4662
4663
4666
4669
4670
4671
4672
4673
4676
4677
4678
4679
4680
4683
4684
4686
4687
4690
4691
4692
4693
4695
4696
4697
4698
4699
4701
4702
4703
4704
4705
4706
4707
4708
4710
4711
4712
4713
4714
4717
4718
4721
4722
4725
4727
4728
4730
4731
4732
4733
4734
4735
4736
4737
4738
4739
4740
4743
4744
4745
4749
4750
4752
4755
4756
4757
4758
4759
4760
4761
4762
4764
4765
4766
4767
4768
4770
4771
4772
4773
4774
4775
4776
4777
4778
4779
4780
4781
4782
4783
4784
4787
4790
4791
4792
4793
4795
4799
4800
4802
4804
4806
4807
4810
4811
4814
4817
4818
4819
4820
4821
4822
4823
4824
4825
4827
4828
4831
4832
4833
4836
4838
4839
4841
4843
4844
4845
4846
4847
4851
4852
4853
4854
4855
4856
4857
4858
4859
4860
4861
4862
4863
4864
4866
4869
4870
4871
4873
4875
4876
4877
4878
4879
4882
4884
4887
4888
4889
4891
4892
4893
4895
4896
4897
4898
4904
4905
4908
4909
4910
4911
4913
4916
4917
4919
4920
4921
4922
4923
4924
4927
4928
4931
4932
4933
4934
4935
4936
4938
4939
4940
4941
4943
4945
4946
4947
4948
4949
4951
4952
4954
4956
4958
4960
4961
4962
4963
4964
4966
4967
4968
4969
4970
4971
4975
4977
4979
4981
4982
4983
4984
4985
4988
4989
4991
4992
4993
4994
4995
4996
4998
4999
5000
5003
5004
5005
5006
5008
5009
5010
5011
5012
5013
5015
5017
5018
5019
5026
5027
5030
5032
5033
5034
5035
5036
5037
5038
5039
5040
5042
5044
5048
5050
5051
5053
5055
5057
5060
5062
5063
5064
5067
5068
5069
5070
5071
5072
5074
5075
5076
5083
5084
5085
5087
5088
5092
5093
5095
5098
5099
5101
5102
5103
5105
5106
5108
5109
5110
5113
5114
5116
5118
5119
5120
5121
5122
5124
5125
5126
5127
5131
5132
5133
5135
5136
5138
5139
5140
5141
5142
5143
5145
5146
5147
5148
5149
5150
5153
5154
5156
5157
5158
5159
5160
5161
5163
5164
5165
5166
5167
5170
5175
5177
5179
5181
5182
5183
5184
5185
5186
5187
5188
5189
5191
5193
5195
5196
5198
5200
5201
5202
5203
5205
5206
5207
5208
5209
5211
5215
5219
5220
5221
5222
5223
5224
5228
5229
5230
5231
5232
5233
5235
5236
5238
5240
5241
5242
5243
5244
5245
5247
5249
5250
5251
5252
5254
5262
5263
5264
5265
5268
5269
5271
5272
5274
5276
5280
5281
5282
5283
5285
5286
5287
5290
5291
5292
5300
5301
5302
5303
5305
5308
5309
5310
5311
5312
5313
5314
5315
5317
5318
5319
5321
5322
5323
5324
5327
5331
5332
5333
5334
5335
5337
5339
5340
5341
5342
5343
5344
5346
5347
5349
5350
5351
5352
5353
5354
5356
5358
5359
5361
5362
5364
5365
5367
5368
5372
5374
5377
5378
5381
5382
5383
5384
5385
5387
5388
5389
5390
5392
5395
5396
5397
5398
5399
5400
5401
5402
5404
5406
5408
5409
5410
5411
5412
5415
5416
5417
5418
5421
5422
5423
5424
5425
5427
5429
5432
5433
5435
5436
5437
5439
5440
5441
5442
5443
5444
5445
5447
5449
5450
5452
5454
5455
5456
5457
5460
5462
5464
5465
5466
5467
5468
5469
5470
5473
5476
5477
5478
5480
5481
5482
5483
5484
5487
5488
5489
5490
5491
5492
5493
5494
5495
5497
5500
5501
5502
5503
5505
5508
5509
5510
5511
5512
5513
5514
5515
5517
5518
5520
5521
5522
5523
5524
5526
5527
5528
5530
5531
5532
5533
5534
5537
5541
5542
5543
5544
5548
5549
5551
5552
5555
5556
5557
5558
5559
5563
5564
5565
5566
5567
5568
5569
5570
5576
5577
5578
5581
5582
5583
5584
5587
5590
5591
5594
5595
5596
5598
5599
5600
5602
5604
5606
5609
5611
5613
5614
5615
5616
5617
5618
5620
5622
5623
5624
5625
5626
5628
5629
5631
5632
5636
5637
5638
5639
5640
5641
5645
5646
5649
5651
5653
5654
5655
5656
5657
5658
5659
5660
5661
5662
5665
5666
5668
5669
5674
5675
5679
5680
5681
5682
5684
5685
5686
5687
5688
5689
5690
5691
5693
5698
5699
5700
5701
5705
5708
5709
5710
5711
5712
5715
5716
5717
5718
5720
5721
5722
5723
5724
5725
5727
5729
5732
5733
5734
5735
5737
5741
5742
5743
5746
5749
5750
5751
5753
5754
5755
5756
5758
5762
5763
5766
5767
5770
5771
5776
5777
5778
5779
5781
5783
5785
5786
5788
5790
5791
5792
5793
5794
5795
5797
5798
5799
5800
5801
5802
5803
5804
5807
5809
5811
5812
5813
5815
5816
5818
5819
5821
5823
5824
5825
5826
5827
5829
5831
5832
5833
5835
5837
5838
5839
5840
5842
5843
5844
5845
5847
5849
5850
5851
5852
5855
5857
5859
5860
5861
5862
5864
5865
5866
5867
5868
5869
5873
5875
5876
5880
5882
5883
5884
5885
5886
5887
5888
5890
5891
5895
5896
5897
5898
5899
5900
5901
5902
5903
5905
5906
5907
5910
5911
5913
5915
5916
5917
5918
5920
5921
5925
5926
5927
5928
5929
5931
5932
5933
5934
5936
5937
5944
5945
5946
5947
5948
5950
5951
5952
5953
5955
5956
5958
5961
5963
5965
5966
5967
5968
5969
5970
5971
5972
5973
5974
5975
5976
5977
5978
5979
5981
5982
5983
5984
5985
5986
5987
5988
5989
5990
5991
5992
5993
5994
5995
5996
5997
5998
5999
6005
6006
6008
6010
6012
6013
6014
6015
6018
6019
6022
6023
6024
6025
6026
6028
6029
6030
6031
6032
6033
6034
6035
6036
6037
6038
6039
6040
6041
6043
6045
6046
6047
6048
6050
6051
6052
6053
6059
6060
6061
6062
6065
6067
6068
6069
6071
6072
6073
6075
6076
6078
6082
6083
6084
6085
6086
6088
6092
6093
6094
6095
6096
6097
6098
6099
6100
6101
6102
6104
6105
6106
6107
6110
6112
6113
6117
6118
6119
6120
6121
6122
6124
6125
6126
6127
6128
6130
6131
6133
6136
6137
6138
6139
6140
6141
6143
6145
6146
6148
6152
6153
6154
6155
6157
6158
6164
6165
6166
6167
6168
6170
6172
6173
6175
6178
6179
6180
6181
6183
6184
6186
6187
6189
6191
6193
6194
6195
6198
6199
6200
6201
6202
6204
6206
6209
6210
6211
6212
6214
6215
6216
6217
6219
6220
6221
6225
6226
6229
6230
6231
6233
6236
6237
6239
6240
6241
6243
6244
6245
6246
6247
6248
6249
6250
6251
6252
6254
6255
6256
6257
6258
6260
6261
6262
6264
6265
6266
6267
6268
6269
6270
6272
6274
6275
6276
6277
6278
6279
6281
6282
6285
6286
6287
6288
6289
6291
6295
6296
6297
6298
6299
6300
6301
6302
6303
6304
6305
6307
6310
6311
6313
6315
6316
6317
6318
6321
6322
6323
6327
6329
6331
6333
6334
6335
6336
6340
6343
6344
6345
6346
6348
6350
6351
6352
6354
6355
6356
6358
6360
6361
6362
6363
6364
6366
6367
6368
6370
6372
6373
6377
6378
6379
6380
6381
6382
6383
6384
6385
6386
6387
6391
6393
6394
6395
6399
6401
6402
6405
6406
6407
6408
6409
6412
6413
6414
6416
6418
6422
6423
6426
6428
6431
6432
6433
6435
6436
6439
6441
6443
6444
6448
6451
6452
6453
6454
6457
6458
6459
6460
6461
6462
6463
6464
6465
6467
6468
6469
6470
6471
6472
6473
6474
6475
6482
6484
6485
6486
6487
6488
6489
6490
6491
6493
6494
6495
6498
6499
6500
6502
6503
6505
6506
6507
6509
6510
6511
6513
6515
6518
6520
6521
6522
6523
6524
6525
6526
6527
6528
6529
6531
6533
6535
6537
6538
6539
6541
6542
6543
6545
6547
6549
6550
6555
6556
6557
6558
6559
6560
6563
6564
6566
6568
6569
6570
6571
6572
6574
6575
6576
6577
6579
6582
6583
6584
6585
6588
6589
6590
6593
6594
6597
6598
6599
6600
6604
6605
6606
6608
6610
6611
6612
6614
6615
6616
6617
6618
6619
6620
6622
6623
6625
6626
6628
6629
6630
6631
6632
6634
6635
6636
6639
6640
6641
6642
6643
6645
6647
6649
6650
6652
6653
6654
6655
6656
6657
6659
6660
6661
6662
6663
6666
6668
6669
6673
6674
6677
6679
6681
6682
6683
6686
6689
6690
6691
6692
6694
6695
6696
6698
6699
6700
6701
6702
6703
6704
6706
6707
6708
6712
6714
6715
6718
6719
6721
6725
6727
6728
6730
6731
6732
6733
6735
6736
6737
6739
6740
6741
6742
6744
6745
6749
6750
6752
6753
6754
6755
6756
6760
6761
6762
6763
6764
6765
6766
6767
6768
6769
6770
6772
6776
6777
6778
6779
6780
6781
6783
6784
6789
6791
6793
6794
6795
6796
6797
6799
6800
6801
6803
6805
6806
6807
6808
6809
6810
6811
6812
6813
6814
6816
6817
6818
6820
6821
6822
6823
6824
6827
6829
6830
6831
6832
6833
6834
6835
6837
6841
6842
6843
6844
6845
6846
6851
6854
6858
6861
6862
6864
6866
6869
6871
6872
6873
6874
6875
6876
6880
6882
6883
6885
6886
6888
6889
6891
6892
6893
6895
6896
6902
6903
6904
6905
6906
6907
6908
6909
6911
6912
6913
6914
6915
6916
6917
6918
6920
6921
6922
6923
6924
6925
6926
6927
6929
6930
6931
6933
6936
6938
6939
6942
6944
6947
6948
6949
6950
6952
6953
6954
6956
6958
6959
6960
6963
6964
6965
6968
6969
6970
6971
6972
6973
6976
6978
6981
6982
6983
6984
6985
6986
6987
6988
6990
6991
6993
6994
6995
6998
6999
7001
7002
7004
7007
7008
7009
7010
7012
7013
7014
7015
7017
7021
7025
7026
7029
7031
7033
7034
7036
7037
7038
7040
7041
7042
7043
7044
7045
7049
7052
7053
7056
7060
7061
7062
7063
7064
7066
7068
7070
7071
7072
7074
7075
7076
7077
7078
7079
7080
7083
7084
7085
7086
7087
7090
7093
7094
7095
7096
7098
7100
7103
7104
7105
7106
7110
7111
7112
7114
7115
7118
7120
7121
7122
7123
7125
7126
7127
7128
7129
7130
7131
7134
7135
7139
7140
7141
7142
7143
7145
7146
7147
7148
7152
7153
7154
7156
7157
7158
7160
7161
7163
7166
7167
7168
7169
7170
7172
7173
7174
7177
7180
7181
7183
7184
7189
7190
7191
7192
7196
7197
7198
7199
7200
7201
7202
7203
7205
7206
7207
7209
7210
7212
7213
7214
7215
7216
7219
7220
7221
7222
7223
7224
7225
7227
7228
7229
7230
7231
7233
7234
7237
7238
7239
7240
7242
7243
7245
7246
7247
7248
7250
7251
7252
7254
7255
7256
7257
7259
7260
7261
7262
7263
7264
7265
7266
7267
7268
7269
7271
7273
7274
7275
7276
7277
7278
7279
7281
7282
7283
7285
7287
7288
7290
7291
7294
7296
7299
7302
7303
7304
7305
7306
7308
7309
7310
7311
7312
7313
7315
7316
7317
7321
7322
7323
7324
7325
7326
7327
7331
7332
7333
7334
7335
7336
7337
7338
7340
7341
7342
7343
7344
7345
7346
7347
7349
7353
7356
7357
7360
7362
7363
7365
7368
7369
7370
7371
7372
7373
7378
7379
7380
7381
7382
7383
7385
7386
7387
7390
7396
7399
7400
7401
7402
7403
7405
7407
7408
7410
7412
7413
7414
7415
7417
7418
7419
7420
7422
7423
7424
7425
7426
7427
7428
7429
7431
7432
7433
7434
7435
7436
7437
7439
7441
7442
7443
7444
7445
7446
7447
7450
7451
7452
7453
7454
7455
7456
7457
7459
7460
7461
7462
7463
7464
7465
7466
7467
7468
7469
7470
7471
7472
7476
7477
7478
7480
7483
7484
7485
7489
7490
7492
7493
7495
7496
7497
7502
7504
7505
7506
7508
7510
7511
7513
7515
7516
7517
7520
7521
7522
7523
7524
7527
7529
7530
7531
7533
7534
7535
7539
7540
7542
7543
7545
7546
7548
7549
7552
7553
7554
7556
7557
7558
7559
7560
7562
7563
7564
7565
7567
7569
7570
7571
7574
7575
7577
7578
7579
7581
7582
7584
7585
7586
7588
7590
7592
7593
7594
7595
7596
7597
7598
7599
7601
7602
7603
7609
7611
7612
7613
7614
7615
7619
7620
7621
7623
7624
7626
7628
7633
7634
7636
7637
7638
7640
7642
7643
7647
7649
7650
7652
7653
7654
7655
7656
7657
7658
7659
7660
7661
7663
7664
7665
7666
7667
7672
7673
7678
7680
7682
7684
7686
7687
7688
7690
7691
7693
7695
7700
7701
7702
7704
7705
7706
7707
7709
7711
7713
7714
7715
7716
7717
7718
7719
7721
7722
7723
7724
7725
7727
7728
7729
7730
7732
7733
7734
7735
7736
7737
7738
7740
7741
7742
7744
7746
7747
7749
7750
7751
7753
7754
7755
7756
7758
7759
7760
7761
7762
7763
7764
7767
7769
7770
7771
7772
7773
7774
7776
7777
7779
7781
7782
7783
7784
7785
7788
7790
7792
7794
7795
7796
7797
7798
7799
7800
7801
7804
7806
7807
7808
7809
7811
7812
7814
7815
7817
7819
7820
7821
7822
7823
7824
7825
7826
7829
7831
7833
7835
7836
7838
7839
7841
7843
7844
7845
7846
7847
7848
7850
7853
7854
7855
7856
7858
7859
7861
7862
7863
7864
7866
7869
7872
7873
7874
7875
7877
7880
7881
7882
7884
7885
7886
7887
7889
7890
7895
7896
7897
7898
7899
7900
7902
7903
7904
7906
7908
7909
7910
7912
7913
7914
7915
7916
7917
7918
7919
7921
7923
7925
7929
7930
7932
7933
7934
7938
7939
7940
7942
7944
7945
7946
7947
7949
7950
7953
7955
7957
7958
7960
7963
7965
7969
7970
7971
7974
7975
7976
7977
7978
7982
7983
7986
7988
7989
7990
7991
7992
7993
7994
7995
7996
7998
7999
8000
8001
8002
8003
8005
8007
8008
8014
8015
8016
8017
8018
8021
8023
8024
8025
8026
8027
8028
8029
8030
8031
8033
8035
8036
8037
8039
8040
8041
8044
8045
8047
8048
8049
8050
8051
8054
8055
8056
8058
8059
8061
8062
8064
8065
8067
8072
8073
8076
8078
8079
8083
8088
8090
8092
8093
8096
8097
8098
8099
8100
8101
8102
8103
8104
8105
8107
8108
8109
8110
8112
8113
8114
8116
8117
8118
8119
8120
8121
8122
8123
8124
8125
8127
8130
8131
8132
8134
8135
8137
8138
8140
8141
8142
8143
8147
8148
8149
8150
8151
8152
8153
8154
8158
8161
8162
8164
8168
8169
8170
8171
8172
8175
8179
8180
8181
8182
8184
8185
8186
8187
8188
8191
8192
8193
8195
8197
8198
8199
8200
8201
8203
8204
8205
8207
8208
8209
8210
8211
8212
8213
8214
8216
8217
8219
8220
8223
8224
8225
8227
8229
8230
8231
8232
8233
8235
8239
8240
8242
8245
8246
8248
8249
8250
8252
8259
8260
8261
8263
8264
8266
8267
8269
8270
8271
8272
8273
8274
8275
8278
8281
8282
8283
8284
8285
8286
8288
8289
8290
8291
8294
8295
8296
8297
8300
8302
8303
8307
8308
8310
8311
8312
8314
8316
8318
8319
8320
8321
8325
8326
8327
8328
8329
8330
8332
8333
8334
8335
8336
8337
8340
8341
8342
8343
8346
8347
8348
8350
8351
8352
8353
8354
8355
8356
8357
8358
8359
8360
8361
8365
8367
8368
8370
8372
8375
8377
8378
8379
8380
8381
8382
8383
8384
8385
8388
8390
8391
8392
8395
8396
8397
8398
8399
